1,2
2,6
3,5,16,8
4,22,25
5,11,14
6,7
7,3,4
8,10
10,15,18
11,12
12,111
14,End
15,54
16,17
17,30,32
18,19
19,34,36
20,57,58
21,End
22,23
23,24
24,37,117
25,114
27,End
28,112
30,31
31,48,49
32,117
34,35
35,40,51
36,52,65
37,61,64
38,39
39,75,76,79
40,End
41,End
42,27,99
43,44,46
44,71
46,47
47,End
48,113
49,End
50,End
51,End
52,53
53,82
54,56
56,27,28
57,91
58,59
59,End
61,End
63,End
64,63,107
65,66
66,93,118
67,End
69,70
70,88,100
71,End
73,74
74,End
75,End
76,78
78,80,83
79,End
80,81
81,98,90
82,87,85
83,94
85,86
86,73
87,End
88,89
89,End
90,End
91,92
92,End
93,End
94,96
96,116
97,End
98,End
99,End
100,End
101,102
102,103
103,104
104,End
105,106
106,End
107,108
108,105,97
111,20,21
112,42,43
113,69,67
114,41,50
116,End
117,38,8
118,End